f = a
a = -52000000
